[gd_scene load_steps=25 format=2]

[ext_resource path="res://scenes/characters/MrP.tscn" type="PackedScene" id=1]
[ext_resource path="res://assets/models/Classroom/window.png" type="Texture" id=2]
[ext_resource path="res://scenes/Camera.tscn" type="PackedScene" id=3]
[ext_resource path="res://assets/models/Objects/board.obj" type="ArrayMesh" id=4]
[ext_resource path="res://assets/models/Classroom/empty-classroom.obj" type="ArrayMesh" id=5]
[ext_resource path="res://scenes/furniture/Shelf.tscn" type="PackedScene" id=6]
[ext_resource path="res://assets/models/Objects/board.png" type="Texture" id=7]
[ext_resource path="res://scenes/furniture/Table.tscn" type="PackedScene" id=8]
[ext_resource path="res://scenes/furniture/Lamp.tscn" type="PackedScene" id=9]
[ext_resource path="res://scenes/furniture/Plant.tscn" type="PackedScene" id=10]
[ext_resource path="res://scenes/furniture/Chair.tscn" type="PackedScene" id=11]
[ext_resource path="res://scenes/furniture/Pen_Holder.tscn" type="PackedScene" id=12]
[ext_resource path="res://scenes/book.tscn" type="PackedScene" id=13]
[ext_resource path="res://scenes/furniture/TeacherTable.tscn" type="PackedScene" id=14]
[ext_resource path="res://assets/models/Classroom/empty-classroom.png" type="Texture" id=15]
[ext_resource path="res://assets/models/Classroom/window2.obj" type="ArrayMesh" id=16]
[ext_resource path="res://assets/models/Classroom/window1.obj" type="ArrayMesh" id=17]
[ext_resource path="res://scenes/characters/Sleeping_Student.tscn" type="PackedScene" id=18]
[ext_resource path="res://scenes/characters/Student_1.tscn" type="PackedScene" id=19]

[sub_resource type="SpatialMaterial" id=1]
albedo_texture = ExtResource( 15 )

[sub_resource type="SpatialMaterial" id=2]
flags_transparent = true
albedo_texture = ExtResource( 2 )

[sub_resource type="BoxShape" id=3]
extents = Vector3( 13.2472, 1, 13.8303 )

[sub_resource type="SpatialMaterial" id=4]
albedo_texture = ExtResource( 7 )

[sub_resource type="Animation" id=5]
resource_name = "MrPWalk"
length = 5.0
tracks/0/type = "method"
tracks/0/path = NodePath("MrP")
tracks/0/interp = 1
tracks/0/loop_wrap = true
tracks/0/imported = false
tracks/0/enabled = true
tracks/0/keys = {
"times": PoolRealArray( 0.3, 0.6, 0.9 ),
"transitions": PoolRealArray( 1, 1, 1 ),
"values": [ {
"args": [ 5, 100 ],
"method": "do_move"
}, {
"args": [ 90 ],
"method": "do_rotate"
}, {
"args": [ -100 ],
"method": "do_rotate"
} ]
}

[node name="Room" type="Spatial"]

[node name="Camera" parent="." instance=ExtResource( 3 )]

[node name="EmptyClassroom" type="StaticBody" parent="."]

[node name="empty-classroom" type="MeshInstance" parent="EmptyClassroom"]
transform = Transform( 1, 0, 0, 0, 1, 0, 0, 0, 1, -6, 0, 0 )
mesh = ExtResource( 5 )
material/0 = SubResource( 1 )

[node name="window2" type="MeshInstance" parent="EmptyClassroom/empty-classroom"]
transform = Transform( 1, 0, 0, 0, 1, 0, 0, 0, 1, 12.5715, 3.57707, -6.42951 )
mesh = ExtResource( 16 )
material/0 = SubResource( 2 )

[node name="window1" type="MeshInstance" parent="EmptyClassroom/empty-classroom"]
transform = Transform( 1, 0, 0, 0, 1, 0, 0, 0, 1, 12.5833, 3.58673, -0.792407 )
mesh = ExtResource( 17 )
material/0 = SubResource( 2 )

[node name="CollisionShape" type="CollisionShape" parent="EmptyClassroom"]
transform = Transform( 1, 0, 0, 0, 1, 0, 0, 0, 1, -3.15587, -0.8, -4.35764 )
shape = SubResource( 3 )

[node name="CollisionShape5" type="CollisionShape" parent="EmptyClassroom"]
transform = Transform( 1, 0, 0, 0, 1, 0, 0, 0, 1, -3.37007, 8.17298, -3.85719 )
shape = SubResource( 3 )

[node name="CollisionShape2" type="CollisionShape" parent="EmptyClassroom"]
transform = Transform( -4.37114e-08, 1, 0, -1, -4.37114e-08, 0, 0, 0, 1, -14.6864, 1.79238, -2.67556 )
shape = SubResource( 3 )

[node name="CollisionShape3" type="CollisionShape" parent="EmptyClassroom"]
transform = Transform( -4.37114e-08, 1, 0, -1, -4.37114e-08, 0, 0, 0, 1, 7.15713, 0, -7.4 )
shape = SubResource( 3 )

[node name="CollisionShape4" type="CollisionShape" parent="EmptyClassroom"]
transform = Transform( -1.77636e-15, 2.98023e-08, 1, -1, -4.37114e-08, 0, 4.37114e-08, -1, 2.98023e-08, -1.06737, 0, -13.4 )
shape = SubResource( 3 )

[node name="Lights" type="Spatial" parent="."]

[node name="SpotLight2" type="SpotLight" parent="Lights"]
transform = Transform( -0.631951, -0.710087, -0.310507, -0.440989, -9.18015e-08, 0.897513, -0.637312, 0.704114, -0.31314, 0.0845418, 7.4, -8.32 )
light_color = Color( 0.937255, 0.87451, 0.521569, 1 )
light_energy = 1.65
shadow_enabled = true
shadow_bias = -16.0
spot_range = 110.5
spot_attenuation = 0.225313
spot_angle = 85.1
spot_angle_attenuation = 1.68179

[node name="OmniLight" type="OmniLight" parent="Lights"]
transform = Transform( 1, 0, 0, 0, 1, 0, 0, 0, 1, -9.46387, 3.47447, -3.683 )
light_color = Color( 1, 0.913725, 0, 1 )
light_energy = 0.12
light_cull_mask = 4294967293
shadow_enabled = true
omni_range = 14.9
omni_attenuation = 0.840897

[node name="Objects" type="Spatial" parent="."]

[node name="Board" type="MeshInstance" parent="Objects"]
transform = Transform( 1, 0, 0, 0, 1, 0, 0, 0, 1, -2.43193, 2.90782, -12.5122 )
mesh = ExtResource( 4 )
material/0 = SubResource( 4 )

[node name="Lamp" parent="Objects" instance=ExtResource( 9 )]
transform = Transform( 1, 0, 0, 0, 1, 0, 0, 0, 1, -9.41265, 7.10825, -6.18774 )

[node name="Pen_Holder" parent="Objects" instance=ExtResource( 12 )]
transform = Transform( 1, 0, 0, 0, 1, 0, 0, 0, 1, 2.56669, 2.50311, -8.35346 )

[node name="Plant" parent="Objects" instance=ExtResource( 10 )]
transform = Transform( 1, 0, 0, 0, 1, 0, 0, 0, 1, 0.644247, 2.22862, -9.24019 )
mass = 4.48

[node name="Table" parent="Objects" instance=ExtResource( 14 )]
transform = Transform( 1, 0, 0, 0, 1, 0, 0, 0, 1, 2.04425, 1.4, -9.21187 )

[node name="Book" parent="Objects" instance=ExtResource( 13 )]
transform = Transform( 1, 0, 0, 0, -4.37114e-08, -1, 0, 1, -4.37114e-08, 0, 2.114, -2.534 )

[node name="Shelf" parent="Objects" instance=ExtResource( 6 )]
transform = Transform( 1, 0, 0, 0, 1, 0, 0, 0, 1, -11.6392, 0, -11.7605 )

[node name="Tables" type="Spatial" parent="Objects"]

[node name="Table2" parent="Objects/Tables" instance=ExtResource( 8 )]
transform = Transform( 1, 0, 0, 0, 1, 0, 0, 0, 1, 0.2, 0.2, -2.4 )

[node name="Table3" parent="Objects/Tables" instance=ExtResource( 8 )]
transform = Transform( 1, 0, 0, 0, 1, 0, 0, 0, 1, 4, 0.321997, -3.14651 )

[node name="Table4" parent="Objects/Tables" instance=ExtResource( 8 )]
transform = Transform( 1, 0, 0, 0, 1, 0, 0, 0, 1, -5.1745, 0.2, -2.4 )

[node name="Table5" parent="Objects/Tables" instance=ExtResource( 8 )]
transform = Transform( 1, 0, 0, 0, 1, 0, 0, 0, 1, -9.47491, 0.100534, -3.06535 )

[node name="Table6" parent="Objects/Tables" instance=ExtResource( 8 )]
transform = Transform( 1, 0, 0, 0, 1, 0, 0, 0, 1, 0.2, 0.2, 2.85019 )

[node name="Table7" parent="Objects/Tables" instance=ExtResource( 8 )]
transform = Transform( 1, 0, 0, 0, 1, 0, 0, 0, 1, 4, 0.2, 2.65019 )

[node name="Table8" parent="Objects/Tables" instance=ExtResource( 8 )]
transform = Transform( 1, 0, 0, 0, 1, 0, 0, 0, 1, -5.1745, 0.2, 2.85019 )

[node name="Table9" parent="Objects/Tables" instance=ExtResource( 8 )]
transform = Transform( 1, 0, 0, 0, 1, 0, 0, 0, 1, -9.47491, 0.2, 2.85019 )

[node name="Sleeping_Student" parent="Objects" instance=ExtResource( 18 )]
transform = Transform( 0.992437, 0, 0.122753, 0, 1, 0, -0.122753, 0, 0.992437, -9.22652, 1.00831, -0.902035 )

[node name="Chairs" type="Spatial" parent="Objects"]

[node name="Chair" parent="Objects/Chairs" instance=ExtResource( 11 )]
transform = Transform( 1, 0, 0, 0, 1, 0, 0, 0, 1, 0.215012, 1, 5 )

[node name="Chair2" parent="Objects/Chairs" instance=ExtResource( 11 )]
transform = Transform( 0.963672, 0, 0.267087, 0, 1, 0, -0.267087, 0, 0.963672, 4.04195, 1, 4.47593 )

[node name="Chair3" parent="Objects/Chairs" instance=ExtResource( 11 )]
transform = Transform( 0.994993, 0, -0.0999449, 0, 1, 0, 0.0999449, 0, 0.994993, 0.199314, 1, -0.923343 )

[node name="Chair4" parent="Objects/Chairs" instance=ExtResource( 11 )]
transform = Transform( 0.963538, 0, 0.267575, 0, 1, 0, -0.267575, 0, 0.963538, 4.23195, 1, -0.930576 )

[node name="Chair5" parent="Objects/Chairs" instance=ExtResource( 11 )]
transform = Transform( 1, 0, 0, 0, 1, 0, 0, 0, 1, -9.3912, 1, 4.27174 )

[node name="Chair6" parent="Objects/Chairs" instance=ExtResource( 11 )]
transform = Transform( 0.963672, 0, 0.267087, 0, 1, 0, -0.267087, 0, 0.963672, -5.31307, 1, 4.47593 )

[node name="Chair7" parent="Objects/Chairs" instance=ExtResource( 11 )]
transform = Transform( 0.992437, 0, 0.122753, 0, 1, 0, -0.122753, 0, 0.992437, -9.245, 1, -0.802 )

[node name="Chair8" parent="Objects/Chairs" instance=ExtResource( 11 )]
transform = Transform( 0.948689, 0, -0.316212, 0, 1, 0, 0.316212, 0, 0.948689, -5.25499, 1, -0.930576 )

[node name="Student_1" parent="Objects" instance=ExtResource( 19 )]
transform = Transform( 0.963537, 0, 0.267575, 0, 1, 0, -0.267575, 0, 0.963537, 4.14738, 1.39997, -1.11817 )

[node name="MrP" parent="." instance=ExtResource( 1 )]
transform = Transform( 0.905672, 0, 0.423978, 0, 1, 0, -0.423978, 0, 0.905672, -3.03158, 0.34, -9.30065 )

[node name="AnimationPlayer" type="AnimationPlayer" parent="."]
autoplay = "MrPWalk"
anims/MrPWalk = SubResource( 5 )
